10135	239
10136	201
10140	1816
10141	71
10146	87
10154	28
10155	148
10157	122
10158	248
10165	9
10170	31
10185	282
10208	223
10257	734
10268	57
10279	307
10299	1234
10333	53
10372	59
10397	32588
10408	260
10423	4021
10431	284
10434	113
10469	121
10529	1714
10551	84
10561	183
10577	62
10581	27
10599	1146
10620	264
10627	339
10631	62
10685	238
10693	4477
10713	1160
10721	10164
10728	87
10731	85
10732	96
10739	53
10747	204
10754	81
10779	62
10781	659
10785	348
10792	1593
10800	1768
10821	8022
10849	335
10868	434
10874	491
10918	53
10926	62
10980	417
10990	237
10994	1207
11003	532
11013	57
11042	3224
11049	223
11057	9572
11066	2188
11067	206
11076	62
11097	31
11109	610
11111	123
11122	138
11140	366
11146	224
11150	112
11193	1919
11203	145
11252	119
11259	5930
11267	753
11274	87
11278	6819
11292	18136
11298	21044
11308	118
11315	61
11337	223
11413	178
11423	710
11433	9925
11447	49
11471	62
11481	376
11503	4
11525	53
11537	195
11540	1046
11577	57
11587	53
11603	328
11612	399
11617	55
11618	9622
11624	151
11630	177
11637	527
11638	656
11641	150
11648	123
11695	158
11697	5812
11721	413
11775	445
11778	180
11823	511
11865	88
11867	62
11884	828
11898	90
11905	59
11921	271
11953	234
11973	304
11977	489
11980	57
11982	371
11986	928
11995	598
11996	631
12003	190
12007	88
12016	31
12094	20
12129	84
12156	141
12173	3780
12177	53
12191	4718
12197	721
12206	287
12217	390
12255	53
12264	2996
12265	22
12266	13211
12278	698
12280	201
12323	215
12335	58
12339	2373
12343	53
12389	221
12391	366
12402	503
12441	158
12448	654
12451	1712
12478	8303
12511	58
12519	75
12523	336
12758	967
12819	186
12884	222
12888	53
12889	12688
12891	124
12892	17728
12896	436
12898	117
12915	198
12945	587
12951	431
12953	8590
12954	774
12982	881
12992	1048
13029	288
13061	203
13076	166
13127	53
13158	600
13184	142
13198	3555
13204	9047
13230	285
13232	7617
13241	84
13244	1520
13256	238
13264	243
13277	309
13290	151
13296	577
13303	5958
13342	2642
13344	62
13360	116
13367	308
13377	279
13422	437
13433	218
13459	26
13476	241
13485	838
13486	171
13487	10584
13495	3663
13502	6
13541	11
13577	507
13795	112
13796	4016
13830	1823
13851	1641
13871	1501
13873	62
13891	1742
13930	27652
13931	914
13933	62
13964	36
13970	62
14006	62
14025	13
14027	1742
14057	4550
14098	114
14100	6094
14107	12921
14108	476
14109	53
14113	57
14122	2131
14150	62
14193	478
14222	9
14252	210
14254	62
14256	62
14262	673
14307	1098
14321	477
14457	236
14487	62
14489	200
14492	3002
14520	88
14524	1647
14543	57
14570	1144
14574	223
14576	737
14588	92
14633	185
14635	1766
14674	93
14679	6209
14683	2624
14685	661
14689	565
14696	415
14698	250
14709	81
14711	62
14730	843
14747	10388
14771	14170
14783	531
14794	203
14814	556
14828	93
14831	3481
14842	149
14843	1868
14869	8763
14893	3618
14905	62
14908	3542
14952	150
14960	122
14986	305
15016	4314
15024	237
15027	68
15041	62
15048	57
15070	62
15096	640
15249	279
15295	88
15304	5143
15323	159
15356	277
15370	1319
15376	1311
15380	208
15389	87
15401	88
15411	227
15412	629
15497	14
15607	88
15624	415
15841	62
15919	941
15991	62
16218	177
ABE	2274
ABI	2329
ABQ	19192
ABR	671
ABY	876
ACK	492
ACT	1612
ACV	1320
ACY	3572
ADK	96
ADQ	460
AEX	3146
AGS	2361
AKN	63
ALB	7459
ALO	617
AMA	4214
ANC	16005
APN	573
ASE	3562
ATL	346836
ATW	2848
AUS	42067
AVL	2745
AVP	1359
AZO	1845
BDL	18799
BET	896
BFL	2637
BGM	262
BGR	366
BHM	12514
BIL	2866
BIS	3453
BJI	667
BLI	711
BMI	2730
BNA	47580
BOI	11655
BOS	107847
BPT	973
BQK	878
BQN	1343
BRD	589
BRO	2362
BRW	855
BTM	667
BTR	7166
BTV	2978
BUF	16824
BUR	18889
BWI	86079
BZN	3604
CAE	5151
CAK	6100
CDC	573
CDV	662
CEC	190
CHA	4202
CHO	2204
CHS	11817
CID	6832
CIU	613
CLD	641
CLE	34589
CLL	2311
CLT	100324
CMH	24187
CMI	2116
CMX	668
CNY	206
COD	665
COS	6881
COU	1308
CPR	1774
CRP	4888
CRW	2385
CSG	1068
CVG	20031
CWA	1420
DAB	1494
DAL	59699
DAY	8676
DBQ	928
DCA	73794
DEN	196055
DFW	239551
DHN	1260
DIK	938
DLG	77
DLH	1719
DRO	2068
DSM	8385
DTW	108500
DVL	525
EAU	668
ECP	4169
EGE	1241
EKO	531
ELM	2051
ELP	11972
ERI	746
ESC	573
EUG	3632
EVV	3834
EWN	575
EWR	101772
EYW	1973
FAI	2183
FAR	5693
FAT	7018
FAY	1633
FCA	2025
FLG	1660
FLL	73624
FNT	4746
FSD	5331
FSM	1971
FWA	5261
GCC	997
GCK	663
GEG	9505
GFK	717
GGG	643
GJT	3179
GNV	2683
GPT	3605
GRB	4881
GRI	634
GRK	4033
GRR	10845
GSO	6737
GSP	6542
GST	77
GTF	1966
GTR	927
GUC	497
GUM	334
HDN	703
HIB	898
HLN	1435
HNL	43172
HOB	571
HOU	52042
HPN	7443
HRL	3079
HSV	4519
HYA	83
HYS	573
IAD	34305
IAG	322
IAH	146622
ICT	8096
IDA	2247
ILG	100
ILM	1860
IMT	620
IND	25558
INL	574
ISN	2542
ISP	4392
ITH	34
ITO	5723
JAC	3511
JAN	7097
JAX	18038
JFK	93811
JLN	666
JMS	812
JNU	4094
KOA	11114
KTN	2319
LAN	1849
LAR	581
LAS	133181
LAW	1331
LAX	194673
LBB	4637
LBE	1281
LCH	1860
LEX	5979
LFT	5149
LGA	99605
LGB	8777
LIH	10545
LIT	10422
LNK	2636
LRD	2202
LSE	1645
LWS	588
MAF	7527
MBS	1721
MCI	38665
MCO	110982
MDT	3285
MDW	80886
MEI	907
MEM	14770
MFE	3411
MFR	2476
MGM	3171
MHK	1634
MHT	6292
MIA	69341
MKE	29825
MKG	667
MLB	1332
MLI	3777
MLU	2961
MMH	156
MOB	5018
MOT	1850
MQT	304
MRY	2974
MSN	9135
MSO	2077
MSP	112117
MSY	38804
MTJ	1001
MVY	205
MYR	4831
OAJ	1136
OAK	42316
OGG	20627
OKC	16144
OMA	16753
OME	663
ONT	17978
ORD	285884
ORF	9374
ORH	663
ORIGIN_AIRPORT	1
OTH	275
OTZ	663
PAH	666
PBG	281
PBI	22573
PDX	47085
PHF	1263
PHL	66021
PHX	146815
PIA	4664
PIB	573
PIH	654
PIT	24118
PLN	753
PNS	6534
PPG	107
PSC	2433
PSE	749
PSG	664
PSP	8987
PUB	264
PVD	11058
PWM	4681
RAP	3265
RDD	727
RDM	2152
RDU	31896
RHI	954
RIC	15355
RKS	690
RNO	13011
ROA	2282
ROC	7448
ROW	974
RST	2054
RSW	27350
SAF	1504
SAN	70207
SAT	29788
SAV	7542
SBA	6017
SBN	4454
SBP	3133
SCC	855
SCE	911
SDF	10204
SEA	110899
SFO	148008
SGF	6236
SGU	1777
SHV	6099
SIT	1342
SJC	38200
SJT	1628
SJU	24656
SLC	97210
SMF	37212
SMX	664
SNA	37187
SPI	1587
SPS	1234
SRQ	3370
STC	83
STL	46963
STT	4348
STX	939
SUN	956
SUX	620
SWF	695
SYR	5608
TLH	3194
TOL	962
TPA	63906
TRI	1928
TTN	2830
TUL	13970
TUS	15117
TVC	2756
TWF	815
TXK	978
TYR	2300
TYS	6963
UST	155
VEL	206
VLD	935
VPS	4868
WRG	664
WYS	208
XNA	9283
YAK	662
YUM	1877
